0 0 0 10 10
0.01 0.707107 0.706616 10 9.99951
0.02 1.41421 1.41225 10 9.99804
0.03 2.12132 2.11691 10 9.99559
0.04 2.82843 2.82058 10 9.99215
0.05 3.53553 3.52328 10 9.98774
0.06 4.24264 4.22499 10 9.98235
0.07 4.94975 4.92572 10 9.97597
0.08 5.65685 5.62547 10 9.96862
0.09 6.36396 6.32424 10 9.96028
0.1 7.07107 7.02203 10 9.95097
0.11 7.77817 7.71884 10 9.94067
0.12 8.48528 8.41467 10 9.92939
0.13 9.19239 9.10952 10 9.91713
0.14 9.89949 9.80339 10 9.90389
0.24 9.90421 9.62177 10.0047 9.72228
0.25 9.90468 9.59822 10.0052 9.69872
0.26 9.90515 9.57368 10.0057 9.67419
0.27 9.90562 9.54817 10.0061 9.64867
0.28 9.90609 9.52167 10.0066 9.62217
0.29 9.90656 9.49419 10.0071 9.5947
0.3 9.90703 9.46573 10.0075 9.56624
0.31 9.9075 9.43629 10.008 9.5368
0.32 9.90797 9.40587 10.0085 9.50638
0.33 9.90845 9.37447 10.009 9.47498
0.34 9.90892 9.34209 10.0094 9.4426
0.35 9.90939 9.30873 10.0099 9.40924
0.36 9.90986 9.27439 10.0104 9.37489
0.37 9.91033 9.23906 10.0108 9.33957
0.38 9.9108 9.20276 10.0113 9.30327
0.39 9.91127 9.16548 10.0118 9.26598
0.4 9.91174 9.12721 10.0122 9.22772
0.41 9.91221 9.08797 10.0127 9.18847
0.42 9.91269 9.04774 10.0132 9.14824
0.43 9.91316 9.00653 10.0137 9.10704
0.44 9.91363 8.96434 10.0141 9.06485
0.45 9.9141 8.92118 10.0146 9.02168
0.46 9.91457 8.87703 10.0151 8.97753
0.47 9.91504 8.8319 10.0155 8.9324
0.48 9.91551 8.78579 10.016 8.88629
0.49 9.91598 8.73869 10.0165 8.8392
0.5 9.91645 8.69062 10.017 8.79113
0.51 9.91693 8.64157 10.0174 8.74208
0.52 9.9174 8.59154 10.0179 8.69204
0.53 9.91787 8.54052 10.0184 8.64103
0.54 9.91834 8.48853 10.0188 8.58903
0.55 9.91881 8.43555 10.0193 8.53606
0.56 9.91928 8.3816 10.0198 8.4821
0.57 9.91975 8.32666 10.0203 8.42717
0.58 9.92022 8.27074 10.0207 8.37125
0.59 9.92069 8.21385 10.0212 8.31435
0.6 9.92117 8.15597 10.0217 8.25647
0.61 9.92164 8.09711 10.0221 8.19761
0.62 9.92211 8.03727 10.0226 8.13777
0.63 9.92258 7.97645 10.0231 8.07695
0.64 9.92305 7.91465 10.0236 8.01515
0.65 9.92352 7.85187 10.024 7.95237
0.66 9.92399 7.7881 10.0245 7.88861
0.67 9.92446 7.72336 10.025 7.82387
0.68 9.92493 7.65764 10.0254 7.75814
0.69 9.9254 7.59093 10.0259 7.69144
0.7 9.92588 7.52325 10.0264 7.62375
0.71 9.92635 7.45458 10.0269 7.55509
0.72 9.92682 7.38493 10.0273 7.48544
0.73 9.92729 7.31431 10.0278 7.41481
0.74 9.92776 7.2427 10.0283 7.3432
0.75 9.92823 7.17011 10.0287 7.27062
0.76 9.9287 7.09654 10.0292 7.19705
0.77 9.92917 7.02199 10.0297 7.1225
0.78 9.92964 6.94646 10.0301 7.04697
0.79 9.93012 6.86995 10.0306 6.97046
0.8 9.93059 6.79246 10.0311 6.89296
0.81 9.93106 6.71399 10.0316 6.81449
0.82 9.93153 6.63453 10.032 6.73504
0.83 9.932 6.5541 10.0325 6.6546
0.84 9.93247 6.47269 10.033 6.57319
0.85 9.93294 6.39029 10.0334 6.4908
0.86 9.93341 6.30691 10.0339 6.40742
0.87 9.93388 6.22256 10.0344 6.32306
0.88 9.93436 6.13722 10.0349 6.23773
0.89 9.93483 6.0509 10.0353 6.15141
0.9 9.9353 5.9636 10.0358 6.06411
0.91 9.93577 5.87533 10.0363 5.97583
0.92 9.93624 5.78607 10.0367 5.88657
0.93 9.93671 5.69583 10.0372 5.79633
0.94 9.93718 5.6046 10.0377 5.70511
0.95 9.93765 5.5124 10.0382 5.61291
0.96 9.93812 5.41922 10.0386 5.51973
0.97 9.9386 5.32506 10.0391 5.42556
0.98 9.93907 5.22991 10.0396 5.33042
0.99 9.93954 5.13379 10.04 5.23429
1 9.94001 5.03668 10.0405 5.13719
1.01 9.94048 4.9386 10.041 5.0391
1.02 9.94095 4.83953 10.0415 4.94004
1.03 9.94142 4.73948 10.0419 4.83999
1.04 9.94189 4.63846 10.0424 4.73896
1.05 9.94236 4.53645 10.0429 4.63695
1.06 9.94284 4.43346 10.0433 4.53396
1.07 9.94331 4.32949 10.0438 4.42999
1.08 9.94378 4.22454 10.0443 4.32504
1.09 9.94425 4.11861 10.0448 4.21911
1.1 9.94472 4.0117 10.0452 4.1122
1.11 9.94519 3.9038 10.0457 4.00431
1.12 9.94566 3.79493 10.0462 3.89544
1.13 9.94613 3.68508 10.0466 3.78558
1.14 9.9466 3.57424 10.0471 3.67475
1.15 9.94708 3.46243 10.0476 3.56293
1.16 9.94755 3.34963 10.0481 3.45014
1.17 9.94802 3.23586 10.0485 3.33636
1.18 9.94849 3.1211 10.049 3.2216
1.19 9.94896 3.00536 10.0495 3.10587
1.2 9.94943 2.88864 10.0499 2.98915
1.21 9.9499 2.77094 10.0504 2.87145
1.22 9.95037 2.65226 10.0509 2.75277
1.23 9.95084 2.5326 10.0513 2.63311
1.24 9.95131 2.41196 10.0518 2.51247
1.25 9.95179 2.29034 10.0523 2.39085
1.26 9.95226 2.16774 10.0528 2.26824
1.27 9.95273 2.04416 10.0532 2.14466
1.28 9.9532 1.91959 10.0537 2.0201
1.29 9.95367 1.79405 10.0542 1.89455
1.3 9.95414 1.66752 10.0546 1.76803
1.31 9.95461 1.54002 10.0551 1.64052
1.32 9.95508 1.41153 10.0556 1.51204
1.33 9.95555 1.28206 10.0561 1.38257
1.34 9.95603 1.15162 10.0565 1.25212
1.35 9.9565 1.02019 10.057 1.12069
1.36 9.95697 0.887778 10.0575 0.988283
1.37 9.95744 0.754388 10.0579 0.854893
1.38 9.95791 0.620018 10.0584 0.720523
